0.0007219224575918575 0.0015640836146876742
-0.001110867727266802 0.0009728496100629362
-0.005954970094604838 -0.0004723153610332922
-0.013122331623887807 -0.0028590144236876136
-0.019193472686249824 -0.005762137505753202
-0.023512987832597837 -0.00848886504584519
-0.02364753448201623 -0.010339715121498455
-0.021876004739342772 -0.011013975316827759
-0.01951356883879416 -0.01088610282209197
-0.021145424701058235 -0.01092157354485477
-0.018457712334281094 -0.010895830257525427
-0.020566128356232345 -0.01089533553482746
-0.023813683510036217 -0.011761610545772188
-0.026065536010195255 -0.012943130508434347
-0.03123081785549251 -0.01455589425442689
-0.033123071096938184 -0.016296835041612
-0.025456780064244948 -0.016216265256899325
-0.013924069588919277 -0.01353077441979688
-0.0021476157848456003 -0.009243226159855449
0.005062922428786802 -0.00486807901022532
0.006851146535249852 -0.0017756405044489518
0.006766681691392966 -0.0001150784136238961
0.0008829584668287503 -9.59866992652229e-05
-0.001651910552333408 -0.0010721775417541642
-0.007907501472237476 -0.0025603065867002162
-0.007476776333705569 -0.003884673819871461
-0.0023022075383377447 -0.003537305998785875
0.013613656115157689 -0.00033879429462388617
0.01894998047410603 0.003938412441635669
0.015038621024229586 0.0058219512078443066
0.01949404658332251 0.0068740680281731675
0.012155363512845527 0.007078879713192829
0.007888637579590426 0.00564762052505136
0.0025881750216518304 0.00387364596804241
0.0047587247172245425 0.002823833207076973
0.020288852465963295 0.005042536834522299
0.034707921223026225 0.010216026492003927
0.04069685049768293 0.015164714311220042
0.044617197352433746 0.018698310810382156
0.044294059740611624 0.020903591880257373
0.038806685199209115 0.021244747257235658
0.03664370677682788 0.0206046488174484
0.030097960884710305 0.019345503390344066
0.026268523932646053 0.017518795100596778
0.018170166353110143 0.015168698534319413
0.011971302191721874 0.012203317480229417
0.004147152192234812 0.00898204557867371
-0.0035703594534115942 0.00536584799236439
-0.010113538276840748 0.0017354877237740602
-0.014339821230095997 -0.00144556958952672
-0.008783033135024104 -0.002714678943231524
-0.01425719753558668 -0.003512300220915125
-0.025278106592278783 -0.006519586765099335
-0.03077049495792835 -0.010249116323950794
-0.03529087201846607 -0.013350928163752811
-0.0441115579388459 -0.016802665302702417
-0.05135986745757475 -0.020794392017257423
-0.05683588643054856 -0.024512443786237625
-0.06137114493813866 -0.027779696157253918
-0.06525446920698819 -0.030668843766100993
-0.0676857737246354 -0.033105127853640275
-0.06861939426935712 -0.03492665914710816
-0.06891334156310328 -0.036186088795796066
-0.06926786060158915 -0.03711779970398909
-0.06773786067120532 -0.0376119675043942
-0.062021417936321016 -0.03700575143929681
-0.059828449313394844 -0.03586689871081349
-0.05899331548093634 -0.03517890662737701
-0.05760332636709871 -0.03469381431028035
-0.05789521642727761 -0.03442386189558029
-0.05747511055720589 -0.03436183848145945
-0.055781269533315345 -0.034077329908349246
-0.05354549372904663 -0.033449735178644975
-0.04923256298985909 -0.03229970294662562
-0.0424005794844059 -0.030257328673458837
-0.03320909062146306 -0.027133697240179912
-0.022197693606060408 -0.0229382240606821
-0.010718103747883198 -0.017929846274847363
-0.000839104206791232 -0.012692696425589695
0.009637888814988433 -0.007414706747941472
0.013250073270025562 -0.0029747736607855847
0.016130517764138253 0.00010218542034800605
0.018527306638828605 0.0025181999730614114
0.025412095636307048 0.005241693323916708
0.04189405427939526 0.010111376847316547
0.06581133758798553 0.018256054643692392
0.08148904677882576 0.027535774594547008
0.08573301438952086 0.034515211639843876
0.09003425428580114 0.03917578642833382
0.0911192287951729 0.0425422248500893
0.08864723322724993 0.0443485075535628
0.0877727879745201 0.045209870990993835
0.08534390833474004 0.045613331817812235
0.0858443793790946 0.045944399932927114
0.09009316429667456 0.04714991018895711
0.0946017532733005 0.04919784140499184
0.10190737858995737 0.0520003249436999
0.11225917808508293 0.05597064047406078
0.11742487878789457 0.06008396251690827
0.11369369600567839 0.06224056572123256
0.11512875095475571 0.0632091409972104
0.1145706364826484 0.06416031930947612
0.11171835746515171 0.06438206946687076
0.1058323029531108 0.06350721696977694
0.10173430840468 0.06199620440481506
0.100368823471148 0.060837371759536886
0.10487868876292769 0.0609940432104157
0.11456295454961911 0.06321727847258313
0.12938146170722975 0.06773624387951105
0.13886771555360283 0.0731468770616647
0.14144219767073124 0.0772265250718042
0.13974244051063806 0.0793141358904559
0.1392484445271124 0.08026063127149499
0.1388887740996631 0.08092414106847856
0.13586770661669859 0.08102223189028114
0.1344137037310899 0.0806996247965904
0.13237823071737959 0.08031070766086305
0.13822601160838155 0.080926661379751
0.14984269596863378 0.08388217414950261
0.16542824881064672 0.08913171671000225
0.17036030182786163 0.09431725136506494
0.17268842857812988 0.09769283386037747
0.16720372696159375 0.09897464429937301
0.16229711221024823 0.09841786701419866
0.15354164152424224 0.09661545191867137
0.14967717399537067 0.09438791479723006
0.14767778302266377 0.09287140304893451
0.1439326328072663 0.09152081379560068
0.14242158245072334 0.09027268863656701
0.14511154754613914 0.08999634998638127
0.15271911721994044 0.09140245496877601
0.1525671067019383 0.09301062474395054
0.14936096761059028 0.09318376142431753
0.15272861717033956 0.09343267650980487
0.1540181655686034 0.09433428036844063
0.15237602563484223 0.09471138331556604
0.15180177531746 0.09465337016598213
0.15064965854529866 0.09450052558661316
0.15418243633274875 0.09489805106592826
0.15583583869418013 0.09588393855406158
0.1647915969509523 0.0979014456662788
0.1763599088905924 0.10178734877534305
0.18402431166663175 0.10620979016068739
0.1907924319534533 0.11024166617258019
0.1943573351450004 0.11362616778454987
0.1962597479576066 0.11610355523677218
0.1907023740791304 0.11690562950653248
0.1917437559945347 0.11695746781422811
0.1889840954540969 0.11705832033385431
0.186981061869065 0.11664193627659211
0.1823212723846497 0.11571314666519344
0.14877512700868425 0.10985940152251086
-0.06221539084135787 0.07154185665784411
-0.00783630984360479 0.034677205865121644
0.05335689356990925 0.036817402453871634
0.09364899780173433 0.049793623375621515
0.09506016815527368 0.05907623343082991
0.11567267570499636 0.06531344637723166
0.13173716091661328 0.07307073752399887
0.14041509118976375 0.07972748637085678
0.14744991926644807 0.08484756298072756
0.09850521042708883 0.0809368214685326
0.09854708746926584 0.07283563328348648
0.1338448025663026 0.0753141901254619
0.16324731954826388 0.08546270600737295
0.1819507023746958 0.09615415811060968
0.2006993675135199 0.10597204720330364
0.21353739176576947 0.11490940048463111
0.2269119240233859 0.12288381590539711
0.22715313291046857 0.12870540884953494
0.2385199723175676 0.13348921944842287
0.22479573645519108 0.13573939806474494
0.21520435749327727 0.13391953374063684
0.2212207777825685 0.13343053684652137
0.22751713216841965 0.1354801670151703
0.23303395158881307 0.1382641353383443
0.24117594558634203 0.14164453253851575
0.2344958209041827 0.1434765592774084
0.18688274471614794 0.13653631977824415
0.2090965816769016 0.13077427071688258
0.23520958480800253 0.13587748336285257
0.2401330314585834 0.1420691704269214
0.2500248334188956 0.14666245338419936
0.2631547169174444 0.15215747309441813
0.27643208802751357 0.15853489777236202
0.296215642899209 0.16630512007394052
0.3026548124209695 0.17364888546979315
0.3188485541391841 0.18045453885810678
0.3248387584272874 0.1870576388007149
0.3283327518372685 0.19173218458544794
0.329286971493595 0.19499143020333554
0.3280051389568521 0.1969649182964571
0.3258694129504549 0.19792284992000525
0.3318809206315312 0.19949074765900976
0.35294154801323474 0.20460304936744253
0.36619630074192 0.21199762033552225
0.37732783520669266 0.2188765609917932
0.3902500812316452 0.22570843385345712
0.39929151959756715 0.23228725604078562
0.3917998234530557 0.23579245474122615
0.38517905754373016 0.235917501057373
0.3821775048357396 0.23538237658997685
0.3708597582081665 0.23368352656352695
0.3649290411691115 0.230988087854208
0.370261735844332 0.23025933670581747
0.387253406519913 0.23348282898729225
0.4042347300115757 0.23983244483590532
0.4103452539453033 0.24585078676927952
0.40230619078678154 0.24827939129324583
0.39855803698417586 0.24809549848990664
0.38976386461653667 0.24676500948195984
0.3793311220297281 0.24386548004999734
0.23474945233827707 0.2200698230426773
0.15568760127322856 0.1786213477996117
0.1948244578884356 0.15705696443739384
0.24379014647984582 0.15998916368586433
0.2859654899070099 0.1721580285393932
0.2783323725526671 0.1803418994950612
0.24551544966180974 0.177015929423772
0.26660427196704983 0.17426127241985562
0.2923755279493441 0.18004685812185428
0.31728855093589126 0.18931722344411928
0.3282515999808851 0.19799199710209214
0.3458472546381305 0.2057535283472605
0.31535212121558626 0.20721082891483705
0.33028492601324105 0.20616900043599234
0.3652190940120708 0.2136963598724107
0.41397658807071225 0.22904732485944987
0.4632159168940853 0.24958852839800844
0.5004369380135423 0.2707943807437206
0.5268130205854132 0.28940460211589736
0.40923777602937583 0.2844503541811264
0.3576974810074579 0.25980589899741535
0.4157017327525181 0.2531921738085881
0.47323796364416754 0.2676038223485217
0.5189596934674973 0.2877007081046105
0.5615595666070861 0.30858630086800537
0.6153106981049354 0.3317142862784776
0.664226409365719 0.35703383736973215
0.704099551233148 0.38147582327683205
0.6127316562286123 0.38512647961309665
0.44481652400064137 0.35083531189500733
0.5252009999125113 0.3278549409189447
0.6120075714763462 0.3442656304021138
0.6810415558223455 0.37226414096178684
0.7314276636165487 0.400425274450109
0.7771789587347273 0.4264584141129376
0.8280700888528458 0.4525098485665804
0.8795776810256439 0.4797460366951621
0.9287525946597471 0.5073896459938145
0.9617294270312924 0.5326708818307295
0.9976384098878177 0.555360274970697
1.0077255466315962 0.5737650636141138
1.0151262303119464 0.5863730171377713
1.0216618653074758 0.5961902140171739
1.0354145026687447 0.6055887228864362
1.0485870312356076 0.6154885895797436
1.064571494683209 0.625691425670933
1.0813177232329978 0.6364258559651773
